68.85714285714286
67.61904761904762
68.85714285714286
69.52380952380952
69.33333333333334
68.66666666666667
67.80952380952381
68.95238095238095
70.19047619047619
69.04761904761905
70.0952380952381
69.80952380952381
69.23809523809524
68.85714285714286
69.80952380952381
70.85714285714286
69.80952380952381
69.61904761904762
70.38095238095238
71.14285714285715
69.14285714285715
68.76190476190476
70.0952380952381
69.71428571428571
70.95238095238095
70.0
68.47619047619048
68.47619047619047
69.14285714285715
68.47619047619047
70.95238095238095
69.80952380952381
70.85714285714286
70.28571428571428
69.04761904761905
69.23809523809523
68.0
69.42857142857144
71.14285714285714
68.95238095238095
68.66666666666667
70.19047619047619
69.33333333333334
69.23809523809524
69.04761904761905
70.19047619047619
68.76190476190476
69.23809523809524
69.61904761904762
70.47619047619047
69.71428571428572
70.28571428571428
68.38095238095238
70.0
69.23809523809523
69.33333333333334
67.80952380952381
70.0
69.14285714285714
69.14285714285715
67.42857142857144
71.61904761904762
69.14285714285715
69.23809523809524
70.47619047619047
71.33333333333334
71.04761904761905
69.61904761904762
70.28571428571428
69.52380952380952
70.0
67.80952380952381
68.76190476190476
71.52380952380952
70.95238095238095
68.95238095238095
70.28571428571428
68.0952380952381
72.28571428571429
68.76190476190476
69.33333333333334
70.85714285714286
68.95238095238095
69.61904761904762
68.19047619047619
69.90476190476191
70.0
69.80952380952381
69.52380952380952
69.42857142857144
69.04761904761905
69.52380952380952
68.47619047619048
69.71428571428571
69.04761904761905
69.33333333333334
70.76190476190476
69.71428571428572
70.0
